31
urocyon_cinereoargenteus           0.0000000 0.2265233 0.2405532 0.2350248 0.0150016 0.2392880 0.3197455 0.0153934 0.2788246 0.2941453 0.2460838 0.0133898 0.2624471 0.0179268 0.0035342 0.2476567 0.2529074 0.0139045 0.2356290 0.0041898 0.2913864 0.2809891 0.6131129 0.2997510 0.0038184 0.0043170 0.2995081 0.0039410 0.0038167 0.2770605 0.0041898 
lycalopex_sechurae                 0.2265233 0.0000000 0.2263667 0.2215164 0.0028149 0.2280996 0.3021870 0.0027947 0.2681340 0.2820224 0.2300298 0.0004800 0.2557419 0.0020711 0.2416693 0.2295150 0.2356216 0.0013934 0.2256675 0.2937268 0.2784393 0.0274698 2.2079787 0.2839654 0.2940315 0.2937105 0.2832371 0.2933962 0.2930774 0.0280799 0.2937268 
vulpes_zerda                       0.2405532 0.2263667 0.0000000 0.2110628 0.0100637 0.0419412 0.3217492 0.0099905 0.1378260 0.0588636 0.0955447 0.0068433 0.1216869 0.0113539 0.2414897 0.1503383 0.1198242 0.0085359 0.1034610 0.2914385 0.0385378 0.2708321 0.0763699 0.1129527 0.2919715 0.2913234 0.2818267 0.2911423 0.2908314 0.2662728 0.2914385 
otocyon_megalotis                  0.2350248 0.2215164 0.2110628 0.0000000 0.0115758 0.2157337 0.3074828 0.0114921 0.2618703 0.2806127 0.2178353 0.0114054 0.2530425 0.0113808 0.2355484 0.2160639 0.2248729 0.0114981 0.2139035 0.2824236 0.2570557 0.2616128 4.1445032 0.2635458 0.2827432 0.2824055 0.2652125 0.2823412 0.2821428 0.2596932 0.2824236 
lycalopex_griseus                  0.0150016 0.0028149 0.0100637 0.0115758 0.0000000 0.0130602 0.8729439 0.0009334 0.3120853 0.6364911 0.0110717 0.0024268 0.0000010 0.0034941 0.0159961 0.0145751 0.0099466 0.0014024 0.0115778 0.0000010 0.0000010 0.0000010 0.0000010 0.0000010 0.0000010 0.0000010 0.0000010 0.0000010 0.0000010 0.0000010 0.0000010 
vulpes_rueppellii                  0.2392880 0.2280996 0.0419412 0.2157337 0.0130602 0.0000000 0.3151312 0.0129583 0.1246898 0.0427856 0.0767923 0.0109086 0.1128824 0.0175686 0.2399372 0.1468881 0.1345288 0.0124521 0.0966209 0.2886265 0.0230585 0.2700350 2.2079787 0.0886892 0.2882853 0.2878443 0.2705281 0.2883234 0.2880054 0.2656554 0.2886265 
nyctereutes_procyonoides           0.3197455 0.3021870 0.3217492 0.3074828 0.8729439 0.3151312 0.0000000 0.9114033 0.2245973 0.2232373 0.3152802 0.9625419 0.2672831 2.4080249 0.3412360 0.3028897 0.3337958 0.9091355 0.3087388 0.2995531 0.2787427 0.2671681 0.7265320 0.2757275 0.2994413 0.2992810 0.0082075 0.2985866 0.2985985 0.2639439 0.2995531 
lycalopex_vetulus                  0.0153934 0.0027947 0.0099905 0.0114921 0.0009334 0.0129583 0.9114033 0.0000000 0.3288630 0.6812742 0.0109917 0.0019252 0.0000010 0.0034604 0.0163828 0.0144689 0.0093665 0.0013921 0.0114930 0.0000010 0.0000010 0.0000010 0.0000010 0.0000010 0.0000010 0.0000010 0.0000010 0.0000010 0.0000010 0.0000010 0.0000010 
vulpes_lagopus                     0.2788246 0.2681340 0.1378260 0.2618703 0.3120853 0.1246898 0.2245973 0.3288630 0.0000000 0.1063476 0.1379303 0.3536524 0.0301222 1.1606367 0.2975438 0.1986044 0.1808571 0.3272463 0.0328602 0.2932977 0.1218348 0.2722944 0.1838644 0.1267339 0.2935400 0.2928596 0.2747118 0.2929995 0.2926866 0.2683326 0.2932977 
vulpes_vulpes                      0.2941453 0.2820224 0.0588636 0.2806127 0.6364911 0.0427856 0.2232373 0.6812742 0.1063476 0.0000000 0.1105234 0.7260707 0.1219600 1.7710424 0.3152836 0.1998791 0.1799717 0.6805526 0.1348490 0.2885277 0.0079589 0.2705026 0.0320167 0.0919804 0.2887311 0.2879377 0.2796231 0.2882315 0.2879207 0.2651190 0.2885277 
vulpes_corsac                      0.2460838 0.2300298 0.0955447 0.2178353 0.0110717 0.0767923 0.3152802 0.0109917 0.1379303 0.1105234 0.0000000 0.0073573 0.1201346 0.0135853 0.2466526 0.1472124 0.1358669 0.0095259 0.1027702 0.2984902 0.0921800 0.2752219 0.1289224 0.0395478 0.2980924 0.2971033 0.2797010 0.2981907 0.2978761 0.2715739 0.2984902 
lycalopex_fulvipes                 0.0133898 0.0004800 0.0068433 0.0114054 0.0024268 0.0109086 0.9625419 0.0019252 0.3536524 0.7260707 0.0073573 0.0000000 0.0000010 0.0029132 0.0128709 0.0103885 0.0083574 0.0014428 0.0073535 0.0000010 0.0000010 0.0000010 0.0000010 0.0000010 0.0000010 0.0000010 0.0000010 0.0000010 0.0000010 0.0000010 0.0000010 
vulpes_velox                       0.2624471 0.2557419 0.1216869 0.2530425 0.0000010 0.1128824 0.2672831 0.0000010 0.0301222 0.1219600 0.1201346 0.0000010 0.0000000 0.0123189 0.2824751 0.1793512 0.1666550 0.0000010 0.0105655 0.2842531 0.1171070 0.2700611 5.9346545 0.1204943 0.2847664 0.2847877 0.2648415 0.2841037 0.2837742 0.2679865 0.2842531 
lycalopex_gymnocercus              0.0179268 0.0020711 0.0113539 0.0113808 0.0034941 0.0175686 2.4080249 0.0034604 1.1606367 1.7710424 0.0135853 0.0029132 0.0123189 0.0000000 0.0194083 0.0181062 0.0104756 0.0027651 0.0136160 0.0000010 0.0000010 0.0000010 0.0000010 0.0000010 0.0000010 0.0000010 0.0000010 0.0000010 0.0000010 0.0000010 0.0000010 
urocyon_littoralis                 0.0035342 0.2416693 0.2414897 0.2355484 0.0159961 0.2399372 0.3412360 0.0163828 0.2975438 0.3152836 0.2466526 0.0128709 0.2824751 0.0194083 0.0000000 0.2485932 0.2526700 0.0148879 0.2359955 0.0017152 0.2925971 0.2822624 0.6131129 0.2998833 0.0000010 0.0013467 0.2996421 0.0014692 0.0013464 0.2783327 0.0017152 
vulpes_chama                       0.2476567 0.2295150 0.1503383 0.2160639 0.0145751 0.1468881 0.3028897 0.0144689 0.1986044 0.1998791 0.1472124 0.0103885 0.1793512 0.0181062 0.2485932 0.0000000 0.1577237 0.0129788 0.1530220 0.3005373 0.1779821 0.2736979 0.3732180 0.1777040 0.3000159 0.2990420 0.2642864 0.3002349 0.2999173 0.2677373 0.3005373 
vulpes_cana                        0.2529074 0.2356216 0.1198242 0.2248729 0.0099466 0.1345288 0.3337958 0.0093665 0.1808571 0.1799717 0.1358669 0.0083574 0.1666550 0.0104756 0.2526700 0.1577237 0.0000000 0.0088679 0.1422593 0.3072088 0.1570827 0.2854410 4.3191823 0.1650773 0.3065740 0.3071986 0.2885059 0.3067183 0.3063889 0.2805340 0.3072088 
lycalopex_culpaeus                 0.0139045 0.0013934 0.0085359 0.0114981 0.0014024 0.0124521 0.9091355 0.0013921 0.3272463 0.6805526 0.0095259 0.0014428 0.0000010 0.0027651 0.0148879 0.0129788 0.0088679 0.0000000 0.0100240 0.0000010 0.0000010 0.0000010 0.0000010 0.0000010 0.0000010 0.0000010 0.0000010 0.0000010 0.0000010 0.0000010 0.0000010 
vulpes_macrotis                    0.2356290 0.2256675 0.1034610 0.2139035 0.0115778 0.0966209 0.3087388 0.0114930 0.0328602 0.1348490 0.1027702 0.0073535 0.0105655 0.0136160 0.2359955 0.1530220 0.1422593 0.0100240 0.0000000 0.2867791 0.1148908 0.2699854 4.0868065 0.1211402 0.2873002 0.2876651 0.2657496 0.2866292 0.2862985 0.2684122 0.2867791 
urocyon_littoralis_catalinae       0.0041898 0.2937268 0.2914385 0.2824236 0.0000010 0.2886265 0.2995531 0.0000010 0.2932977 0.2885277 0.2984902 0.0000010 0.2842531 0.0000010 0.0017152 0.3005373 0.3072088 0.0000010 0.2867791 0.0000000 0.2927068 0.2816486 0.6131129 0.3002771 0.0017152 0.0020849 0.2997536 0.0004883 0.0003653 0.2775538 0.0000010 
vulpes_vulpes_montana              0.2913864 0.2784393 0.0385378 0.2570557 0.0000010 0.0230585 0.2787427 0.0000010 0.1218348 0.0079589 0.0921800 0.0000010 0.1171070 0.0000010 0.2925971 0.1779821 0.1570827 0.0000010 0.1148908 0.2927068 0.0000000 0.2723176 0.0237756 0.0936957 0.2925971 0.2919491 0.2824223 0.2924111 0.2921007 0.2669720 0.2927068 
lycalopex_sp._can003               0.2809891 0.0274698 0.2708321 0.2616128 0.0000010 0.2700350 0.2671681 0.0000010 0.2722944 0.2705026 0.2752219 0.0000010 0.2700611 0.0000010 0.2822624 0.2736979 0.2854410 0.0000010 0.2699854 0.2816486 0.2723176 0.0000000 2.2079787 0.2776268 0.2822624 0.2821296 0.2688672 0.2813159 0.2809948 0.0038476 0.2816486 
vulpes_vulpes_japonica             0.6131129 2.2079787 0.0763699 4.1445032 0.0000010 2.2079787 0.7265320 0.0000010 0.1838644 0.0320167 0.1289224 0.0000010 5.9346545 0.0000010 0.6131129 0.3732180 4.3191823 0.0000010 4.0868065 0.6131129 0.0237756 2.2079787 0.0000000 0.2228524 0.6131129 0.6131129 1.0110077 0.6131129 0.6131129 2.2079787 0.6131129 
vulpes_ferrilata                   0.2997510 0.2839654 0.1129527 0.2635458 0.0000010 0.0886892 0.2757275 0.0000010 0.1267339 0.0919804 0.0395478 0.0000010 0.1204943 0.0000010 0.2998833 0.1777040 0.1650773 0.0000010 0.1211402 0.3002771 0.0936957 0.2776268 0.2228524 0.0000000 0.2998833 0.2991921 0.2809402 0.2999774 0.2996626 0.2744994 0.3002771 
urocyon_littoralis_dickeyi         0.0038184 0.2940315 0.2919715 0.2827432 0.0000010 0.2882853 0.2994413 0.0000010 0.2935400 0.2887311 0.2980924 0.0000010 0.2847664 0.0000010 0.0000010 0.3000159 0.3065740 0.0000010 0.2873002 0.0017152 0.2925971 0.2822624 0.6131129 0.2998833 0.0000000 0.0013467 0.2996421 0.0014692 0.0013464 0.2783327 0.0017152 
urocyon_littoralis_clementae       0.0043170 0.2937105 0.2913234 0.2824055 0.0000010 0.2878443 0.2992810 0.0000010 0.2928596 0.2879377 0.2971033 0.0000010 0.2847877 0.0000010 0.0013467 0.2990420 0.3071986 0.0000010 0.2876651 0.0020849 0.2919491 0.2821296 0.6131129 0.2991921 0.0013467 0.0000000 0.2994818 0.0018385 0.0017154 0.2786866 0.0020849 
nyctereutes_procyonoides_koreensis 0.2995081 0.2832371 0.2818267 0.2652125 0.0000010 0.2705281 0.0082075 0.0000010 0.2747118 0.2796231 0.2797010 0.0000010 0.2648415 0.0000010 0.2996421 0.2642864 0.2885059 0.0000010 0.2657496 0.2997536 0.2824223 0.2688672 1.0110077 0.2809402 0.2996421 0.2994818 0.0000000 0.2987856 0.2987975 0.2656634 0.2997536 
urocyon_littoralis_littoralis      0.0039410 0.2933962 0.2911423 0.2823412 0.0000010 0.2883234 0.2985866 0.0000010 0.2929995 0.2882315 0.2981907 0.0000010 0.2841037 0.0000010 0.0014692 0.3002349 0.3067183 0.0000010 0.2866292 0.0004883 0.2924111 0.2813159 0.6131129 0.2999774 0.0014692 0.0018385 0.2987856 0.0000000 0.0001217 0.2773930 0.0004883 
urocyon_littoralis_santarosae      0.0038167 0.2930774 0.2908314 0.2821428 0.0000010 0.2880054 0.2985985 0.0000010 0.2926866 0.2879207 0.2978761 0.0000010 0.2837742 0.0000010 0.0013464 0.2999173 0.3063889 0.0000010 0.2862985 0.0003653 0.2921007 0.2809948 0.6131129 0.2996626 0.0013464 0.0017154 0.2987975 0.0001217 0.0000000 0.2770714 0.0003653 
lycalopex_sp._can005               0.2770605 0.0280799 0.2662728 0.2596932 0.0000010 0.2656554 0.2639439 0.0000010 0.2683326 0.2651190 0.2715739 0.0000010 0.2679865 0.0000010 0.2783327 0.2677373 0.2805340 0.0000010 0.2684122 0.2775538 0.2669720 0.0038476 2.2079787 0.2744994 0.2783327 0.2786866 0.2656634 0.2773930 0.2770714 0.0000000 0.2775538 
urocyon_littoralis_santacruzae     0.0041898 0.2937268 0.2914385 0.2824236 0.0000010 0.2886265 0.2995531 0.0000010 0.2932977 0.2885277 0.2984902 0.0000010 0.2842531 0.0000010 0.0017152 0.3005373 0.3072088 0.0000010 0.2867791 0.0000010 0.2927068 0.2816486 0.6131129 0.3002771 0.0017152 0.0020849 0.2997536 0.0004883 0.0003653 0.2775538 0.0000000 
